Total Unique States:4
Total Unique Observations:12


Start State: 3


Min-Observation Space Description:
+---------+----------------------------------------------------------------------------------------------------------------------------------------------------------------------------------------------------------------------------------------------------------------------------------------------------------------------------------------------------------------------------------------------------------------------------------------------------------------------------------------------------------------------------------------------------------------------------------------------------------------------------------------------------------------------------------------------------------------------------------------------------------------------------------------------------+
| obs-tag |                                                                                                                                                                                                                                                                                                                                                                                       Sub-Observation Space                                                                                                                                                                                                                                                                                                                                                                                        |
+---------+----------------------------------------------------------------------------------------------------------------------------------------------------------------------------------------------------------------------------------------------------------------------------------------------------------------------------------------------------------------------------------------------------------------------------------------------------------------------------------------------------------------------------------------------------------------------------------------------------------------------------------------------------------------------------------------------------------------------------------------------------------------------------------------------------+
|   o_1   |                                                                                                                                                                                                                                                                                                                                                                 [0, 37, 59, 100, 124, 154, 167, 172, 183, 247, 256, 318, 323, 333]                                                                                                                                                                                                                                                                                                                                                                 |
|   o_10  |                                                                                                                                                                                                                                                                                                                                                              [63, 79, 93, 121, 140, 194, 226, 269, 283, 285, 306, 345, 349, 355, 357]                                                                                                                                                                                                                                                                                                                                                              |
|   o_11  |                                                                                                                                                                                                                                                                                                                                                                                               [148]                                                                                                                                                                                                                                                                                                                                                                                                |
|   o_12  |                                                                                                                                                                                                                                                                                                                                                                                               [149]                                                                                                                                                                                                                                                                                                                                                                                                |
|   o_2   |                                                                                                                                                                                                             [1, 14, 15, 16, 23, 24, 25, 26, 27, 28, 29, 30, 31, 32, 55, 56, 70, 71, 72, 73, 74, 84, 98, 101, 102, 107, 108, 109, 110, 118, 119, 131, 132, 137, 155, 168, 169, 173, 174, 175, 176, 177, 178, 179, 184, 185, 186, 187, 230, 244, 245, 248, 249, 250, 251, 252, 257, 258, 259, 260, 261, 262, 287, 319, 320, 321, 324, 325, 326, 327, 334, 335, 336, 337, 338, 363, 364]                                                                                                                                                                                                              |
|   o_3   |                                                                                                                                                                                                                                                                                                                                            [2, 17, 33, 38, 60, 68, 82, 103, 111, 125, 133, 138, 156, 188, 213, 231, 263, 271, 288, 310, 328, 339, 365]                                                                                                                                                                                                                                                                                                                                             |
|   o_4   | [3, 4, 5, 6, 7, 8, 9, 10, 12, 18, 19, 20, 21, 34, 35, 39, 40, 41, 42, 43, 44, 45, 46, 47, 48, 49, 50, 51, 52, 53, 61, 64, 65, 66, 80, 94, 95, 96, 104, 105, 112, 113, 114, 115, 116, 126, 127, 128, 129, 134, 135, 141, 142, 143, 144, 145, 146, 147, 151, 157, 158, 159, 160, 161, 162, 163, 164, 165, 189, 190, 191, 192, 195, 196, 197, 198, 199, 200, 201, 202, 203, 204, 205, 206, 207, 208, 209, 210, 211, 214, 215, 216, 217, 218, 219, 220, 221, 222, 223, 227, 228, 232, 233, 234, 235, 236, 237, 238, 239, 240, 241, 264, 265, 266, 267, 272, 273, 274, 275, 276, 277, 278, 279, 280, 281, 289, 290, 291, 292, 293, 294, 295, 296, 297, 298, 299, 301, 302, 307, 308, 311, 312, 313, 314, 315, 316, 340, 341, 342, 343, 350, 351, 352, 353, 358, 359, 360, 361, 366, 367, 368, 369, 370] |
|   o_5   |                                                                                                                                                                                                                                                                                                                                                                                                [11]                                                                                                                                                                                                                                                                                                                                                                                                |
|   o_6   |                                                                                                                                                                                                                                                                                                                                                      [13, 22, 54, 67, 69, 81, 83, 97, 106, 117, 130, 136, 212, 229, 270, 286, 309, 346, 362]                                                                                                                                                                                                                                                                                                                                                       |
|   o_7   |                                                                                                                                                                                                                                                                                                                                                   [36, 62, 122, 139, 152, 166, 193, 224, 242, 268, 282, 284, 300, 303, 317, 329, 344, 354, 356]                                                                                                                                                                                                                                                                                                                                                    |
|   o_8   |                                                                                                                                                                                                                                                                                                                                                                        [57, 75, 85, 99, 120, 170, 180, 246, 253, 322, 347]                                                                                                                                                                                                                                                                                                                                                                         |
|   o_9   |                                                                                                                                                                                                                                                                                                                                    [58, 76, 77, 78, 86, 87, 88, 89, 90, 91, 92, 123, 150, 153, 171, 181, 182, 225, 243, 254, 255, 304, 305, 330, 331, 332, 348]                                                                                                                                                                                                                                                                                                                                    |
+---------+----------------------------------------------------------------------------------------------------------------------------------------------------------------------------------------------------------------------------------------------------------------------------------------------------------------------------------------------------------------------------------------------------------------------------------------------------------------------------------------------------------------------------------------------------------------------------------------------------------------------------------------------------------------------------------------------------------------------------------------------------------------------------------------------------+


States Description:
+------+--------+---------------------------------------------------------------------------------------------------------------------------------------------------------------------------------------------------------------------------------------------------------------------------------------------------------------------------------------------------------------------------------------------------------------------------------------------------------------------------------------------------------------------------------------------------------------------------------------------------------------------------------------------------------------------------------------------------------------------------------------------------------------------------------------------------------------------------------------------------------------------------------------------------------------------------------------------------------------------------------------------------------------+
| Name | Action |                                                                                                                                                                                                                                                                                                                                                                                                                                                                                                   Sub States                                                                                                                                                                                                                                                                                                                                                                                                                                                                                                  |
+------+--------+---------------------------------------------------------------------------------------------------------------------------------------------------------------------------------------------------------------------------------------------------------------------------------------------------------------------------------------------------------------------------------------------------------------------------------------------------------------------------------------------------------------------------------------------------------------------------------------------------------------------------------------------------------------------------------------------------------------------------------------------------------------------------------------------------------------------------------------------------------------------------------------------------------------------------------------------------------------------------------------------------------------+
|  0   |   0    |                                                                                                                                                                                                                                                                                                                                                                [0, 38, 59, 60, 64, 77, 78, 79, 80, 87, 88, 89, 90, 91, 92, 93, 94, 101, 122, 124, 125, 141, 150, 151, 152, 155, 156, 169, 173, 174, 183, 184, 185, 196, 227, 228, 247, 252, 259, 260, 261, 274, 288, 290, 305, 310, 311, 323, 328, 334, 335, 336, 337, 349, 351, 352, 358, 360]                                                                                                                                                                                                                                                                                                                                                               |
|  1   |   1    |                                                                                                                                                                                                                                      [1, 2, 15, 16, 17, 18, 24, 25, 26, 27, 28, 29, 30, 31, 32, 33, 34, 39, 56, 57, 58, 61, 69, 71, 72, 73, 74, 75, 76, 83, 85, 86, 99, 100, 102, 103, 104, 108, 109, 110, 111, 112, 119, 120, 121, 126, 132, 133, 134, 138, 139, 157, 158, 170, 171, 172, 175, 176, 177, 178, 179, 180, 181, 182, 186, 187, 188, 189, 190, 215, 234, 235, 249, 250, 251, 253, 254, 255, 256, 257, 258, 262, 263, 264, 265, 266, 267, 268, 276, 292, 293, 315, 324, 325, 326, 327, 329, 330, 331, 332, 338, 339, 340, 341, 342, 343, 350, 365, 366, 367]                                                                                                                                                                                                                                      |
|  2   |   2    | [3, 4, 5, 6, 7, 8, 9, 10, 11, 12, 13, 14, 19, 20, 21, 22, 23, 35, 36, 37, 40, 41, 42, 43, 44, 45, 46, 47, 48, 49, 50, 51, 52, 53, 54, 55, 62, 63, 65, 66, 67, 68, 70, 81, 82, 84, 95, 96, 97, 98, 105, 106, 107, 113, 114, 115, 116, 117, 118, 123, 127, 128, 129, 130, 131, 135, 136, 137, 140, 142, 143, 144, 145, 146, 147, 148, 149, 153, 154, 159, 160, 161, 162, 163, 164, 165, 166, 167, 168, 191, 192, 193, 194, 195, 197, 198, 199, 200, 201, 202, 203, 204, 205, 206, 207, 208, 209, 210, 211, 212, 213, 214, 216, 217, 218, 219, 220, 221, 222, 223, 224, 225, 226, 229, 230, 231, 232, 233, 236, 237, 238, 239, 240, 241, 242, 243, 244, 245, 246, 269, 270, 271, 272, 273, 275, 277, 278, 279, 280, 281, 282, 283, 284, 285, 286, 287, 289, 291, 294, 295, 296, 297, 298, 299, 300, 301, 302, 303, 304, 306, 307, 308, 309, 312, 313, 314, 316, 317, 318, 319, 320, 321, 322, 333, 344, 345, 346, 347, 348, 353, 354, 355, 356, 357, 359, 361, 362, 363, 364, 368, 369, 370, 371, 372, 373, 374] |
|  3   |   0    |                                                                                                                                                                                                                                                                                                                                                                [0, 38, 59, 60, 64, 77, 78, 79, 80, 87, 88, 89, 90, 91, 92, 93, 94, 101, 122, 124, 125, 141, 151, 152, 155, 156, 169, 173, 174, 183, 184, 185, 196, 227, 228, 247, 248, 252, 259, 260, 261, 274, 288, 290, 305, 310, 311, 323, 328, 334, 335, 336, 337, 349, 351, 352, 358, 360]                                                                                                                                                                                                                                                                                                                                                               |
+------+--------+---------------------------------------------------------------------------------------------------------------------------------------------------------------------------------------------------------------------------------------------------------------------------------------------------------------------------------------------------------------------------------------------------------------------------------------------------------------------------------------------------------------------------------------------------------------------------------------------------------------------------------------------------------------------------------------------------------------------------------------------------------------------------------------------------------------------------------------------------------------------------------------------------------------------------------------------------------------------------------------------------------------+


Transaction Matrix:    (StateIndex_ObservationIndex x StateIndex)
+---+------+------+------+------+------+------+------+------+------+------+------+------+
|   | o_1  | o_10 | o_11 | o_12 | o_2  | o_3  | o_4  | o_5  | o_6  | o_7  | o_8  | o_9  |
+---+------+------+------+------+------+------+------+------+------+------+------+------+
| 0 |  1   |  2   | None |  3   | None | None | None |  2   | None | None | None |  3   |
| 1 | None | None | None | None |  1   |  2   | None | None | None | None |  3   | None |
| 2 | None | None |  0   | None | None | None |  2   |  2   |  1   |  3   | None | None |
| 3 |  1   |  2   | None |  1   | None | None | None |  2   | None | None | None |  3   |
+---+------+------+------+------+------+------+------+------+------+------+------+------+